0.044	1.554	1.301	2.798	0.193	0.371	1.173	0.839	6.430	3.002	3.894	2.492	2.694	9.622	0.037	3.062	0.000	5.932	1.328	5.781	0.129	0.018	5.607	0.007	0.022	7.123	0.005	0.008	0.006	4.371	0.001	0.000	0.001	0.001	0.664	3.451
0.800	0.114	0.002	0.110	0.943	0.002	0.002	0.013	0.130	0.057	0.112	0.353	0.126	0.012	3.123	0.000	0.001	0.099	0.052	0.005	0.467	0.000	0.025	0.001	0.643	0.503	0.058	0.022	0.228	0.183	0.001	0.263	0.006	0.026	0.034	5.484
3.658	0.094	0.027	0.285	2.827	0.002	0.001	0.326	2.671	0.259	0.151	0.199	0.112	0.275	2.147	0.147	0.000	0.443	0.566	0.126	1.273	0.000	0.523	0.000	3.506	1.343	2.010	0.007	0.940	0.047	0.464	0.291	1.864	0.020	0.073	6.135
3.167	0.014	0.003	0.153	3.435	0.000	0.909	0.012	0.658	0.239	0.003	0.064	0.040	0.475	5.234	0.001	0.000	0.742	0.007	0.015	1.242	0.000	0.344	0.000	0.497	0.725	0.830	0.039	0.814	0.025	0.001	0.365	0.000	0.032	0.258	7.707
0.010	0.797	1.658	1.292	0.053	0.160	0.301	0.284	23.710	4.644	0.083	4.381	0.761	3.618	0.037	0.985	0.000	2.135	0.686	4.296	0.023	0.026	1.676	0.003	0.031	8.521	0.001	0.001	0.001	2.136	0.000	0.000	0.001	0.002	2.579	0.479
0.203	0.010	0.000	0.003	0.089	0.010	0.001	0.003	0.056	0.002	0.002	0.136	0.018	0.071	0.221	0.007	0.000	0.022	0.051	0.008	0.066	0.000	0.002	0.000	0.037	0.003	0.002	0.001	0.001	0.001	0.000	0.000	0.001	0.000	0.000	0.734
0.758	0.001	0.002	0.039	4.159	0.000	0.034	0.006	0.374	0.041	0.005	0.046	0.042	0.145	1.538	0.001	0.000	0.171	0.007	0.003	0.588	0.000	0.012	0.001	0.398	0.387	0.297	0.006	0.131	0.025	0.001	0.183	0.000	0.002	0.000	3.563
0.048	0.000	8.226	0.002	0.017	0.009	0.009	0.000	0.005	0.001	0.001	0.011	0.004	0.019	0.058	0.021	0.000	0.002	0.032	0.156	0.004	0.002	0.003	0.000	0.011	0.003	0.001	0.001	0.002	0.000	0.000	0.000	0.000	0.000	0.000	0.601
0.179	2.510	6.077	0.208	0.118	0.438	0.874	0.269	0.328	0.383	4.745	4.835	5.809	16.364	0.371	2.313	0.000	0.593	6.300	0.113	0.023	0.065	8.182	0.011	0.023	5.090	0.005	0.002	0.004	0.005	0.000	0.000	0.001	0.000	0.004	5.929
2.813	0.031	0.763	0.046	4.254	0.000	0.000	0.005	0.218	0.005	0.004	0.002	0.015	0.004	1.498	0.000	0.000	0.002	0.071	0.006	0.880	0.000	0.013	0.000	0.595	0.234	0.007	0.006	0.007	0.008	0.002	0.320	0.001	0.000	0.003	6.069
3.868	0.133	0.194	0.394	2.661	0.002	0.001	0.012	1.056	0.083	0.074	1.104	0.168	0.631	1.967	0.060	0.000	0.350	2.292	1.217	0.613	0.000	0.285	0.000	0.953	0.771	0.091	0.007	0.583	0.286	0.022	0.041	0.004	0.000	0.185	6.493
4.106	0.523	0.026	0.638	2.080	0.122	0.586	0.052	1.496	0.036	0.893	0.158	0.044	0.012	1.776	0.383	0.000	0.098	0.017	0.110	0.489	0.000	0.053	0.000	0.996	0.284	0.005	0.002	0.102	0.002	0.000	0.341	0.923	0.060	0.084	2.097
3.693	0.008	0.014	0.207	5.679	0.001	0.047	0.113	1.405	0.221	0.012	0.028	0.033	0.006	2.130	0.001	0.000	0.214	0.260	0.042	0.748	0.000	0.019	0.000	3.204	0.649	0.013	0.029	0.011	0.031	0.004	0.001	0.738	0.034	0.010	7.401
5.909	0.270	0.137	2.002	3.656	0.026	0.495	0.265	2.186	0.367	0.483	0.946	1.226	0.720	3.818	0.246	0.000	0.667	0.579	0.787	0.735	0.000	1.322	0.000	1.035	2.674	0.010	0.012	0.020	0.364	0.002	0.009	0.507	0.246	0.568	12.144
0.062	1.339	1.349	4.876	0.212	0.224	4.835	1.264	1.227	0.256	4.438	1.024	2.402	3.032	0.062	8.775	0.000	5.473	1.127	3.828	0.027	0.014	2.479	0.000	0.124	1.687	0.008	0.009	0.012	3.882	0.001	0.000	0.002	0.000	0.305	6.755
1.268	0.002	0.010	0.288	0.793	0.000	0.001	0.025	0.222	0.059	0.021	0.012	0.279	0.021	1.385	0.074	0.000	0.133	1.831	0.064	0.550	0.001	0.228	0.001	0.667	0.362	0.106	0.020	0.266	0.039	0.002	0.020	0.087	0.000	0.007	16.035
0.000	0.000	0.001	0.000	0.001	0.000	0.000	0.000	0.001	0.000	0.000	0.000	0.000	0.001	0.001	0.000	0.000	0.000	0.000	0.000	0.001	0.000	0.000	0.000	0.000	0.000	0.000	0.000	0.000	0.000	0.000	0.000	0.000	0.000	0.000	0.033
4.318	1.408	0.078	1.209	3.726	0.141	0.907	0.126	0.209	0.257	1.847	0.013	0.153	0.015	2.776	6.237	0.000	0.080	0.053	3.098	0.997	0.001	0.657	0.000	0.294	0.463	0.004	0.002	0.008	0.006	0.001	1.723	0.222	0.018	0.005	4.074
3.288	0.153	0.004	0.251	3.437	0.003	0.008	0.021	1.592	0.499	0.792	0.195	0.087	0.307	3.325	0.270	0.000	0.429	0.180	0.037	1.524	0.000	1.760	0.000	2.143	0.104	0.128	0.020	0.192	0.056	0.355	0.099	0.002	0.000	0.122	13.363
2.569	0.008	0.100	0.085	1.172	0.013	0.003	0.040	0.758	0.023	1.881	0.093	0.061	0.816	2.143	0.157	0.000	0.507	7.682	0.062	0.628	0.000	0.218	0.002	0.976	0.450	0.321	0.008	0.642	0.100	0.001	0.135	0.005	0.001	0.003	8.410
0.350	0.512	0.351	0.732	0.158	0.069	0.340	0.278	0.682	0.766	1.540	1.258	1.443	0.423	0.045	0.595	0.037	1.372	0.646	1.242	0.008	0.001	0.237	0.000	0.020	1.245	0.002	0.003	0.004	0.979	0.000	0.000	0.000	0.000	0.061	2.571
0.013	0.000	0.000	0.002	0.010	0.000	0.000	0.000	0.010	0.001	0.001	0.003	0.000	0.001	0.010	0.000	0.000	0.002	0.000	0.001	0.000	0.000	0.000	0.006	0.000	0.000	0.000	0.000	0.000	0.000	0.000	0.000	0.000	0.000	0.000	0.077
2.926	0.018	0.007	0.541	1.467	0.000	0.101	0.377	1.099	0.105	0.207	0.105	0.040	0.046	6.408	0.001	0.000	0.636	0.583	1.220	0.387	0.000	0.010	0.000	1.319	1.100	0.035	0.031	0.031	0.027	0.002	2.429	0.578	0.063	0.008	13.396
0.002	0.000	0.000	0.000	0.003	0.000	0.000	0.000	0.007	0.000	0.000	0.000	0.000	0.003	0.009	0.000	0.000	0.007	0.000	0.000	0.001	0.000	0.000	0.004	0.000	0.000	0.000	0.000	0.000	0.000	0.000	0.000	0.000	0.000	0.000	0.020
0.031	3.293	1.386	2.053	0.021	0.038	0.000	0.253	0.002	0.000	0.002	0.020	1.923	3.419	0.006	0.342	0.000	2.126	0.588	3.075	0.002	0.001	3.882	0.000	0.001	7.590	0.000	0.000	0.000	2.562	0.000	0.000	0.000	0.001	1.132	0.046
1.849	0.010	8.850	5.953	1.514	0.000	0.024	0.013	0.457	0.114	0.006	0.005	0.024	0.019	1.831	0.009	0.000	9.370	6.864	0.025	0.246	0.000	0.406	0.000	0.300	0.028	0.137	0.008	0.116	0.047	0.002	0.049	0.003	0.000	0.003	10.552
0.000	0.161	0.220	0.228	0.006	0.002	0.124	0.011	1.247	1.981	0.457	0.327	0.093	1.463	0.000	0.017	0.000	0.342	0.331	0.354	0.000	0.001	0.323	0.000	0.000	1.052	0.000	0.000	0.000	0.410	0.000	0.000	0.000	0.000	0.109	0.003
1.381	0.000	0.000	0.000	0.353	0.000	0.000	0.000	0.738	0.003	0.000	0.000	0.000	0.002	0.090	0.000	0.000	0.025	0.001	0.000	0.021	0.000	0.000	0.000	0.491	0.000	0.195	0.000	0.126	0.000	0.000	0.006	0.749	0.041	0.001	0.016
0.000	0.360	0.128	0.249	0.003	0.005	0.219	0.116	6.290	0.508	0.374	0.275	0.173	0.609	0.000	0.157	0.000	0.684	0.044	0.477	0.000	0.000	0.250	0.000	0.000	0.804	0.000	0.000	0.000	0.201	0.000	0.000	0.000	0.000	0.033	0.001
8.000	0.188	0.004	0.918	0.469	0.000	1.290	0.160	2.107	0.007	0.749	0.001	0.091	0.012	0.803	0.465	0.000	0.179	1.140	0.182	0.231	0.000	0.579	0.000	2.497	0.744	0.720	0.000	0.351	0.005	0.000	0.346	0.001	0.000	0.002	0.487
0.350	0.000	0.000	0.000	0.459	0.000	0.000	0.000	0.058	0.000	0.000	0.001	0.000	0.000	0.380	0.000	0.000	0.002	0.000	0.000	0.005	0.000	0.000	0.000	0.026	0.000	0.000	0.000	0.000	0.000	0.000	0.000	0.005	0.018	0.000	0.001
0.001	0.100	0.191	0.200	0.002	0.035	0.444	0.071	0.158	0.035	0.532	0.020	0.670	0.241	0.000	0.406	0.000	1.431	0.252	1.581	0.000	0.000	0.300	0.000	0.000	0.114	0.000	0.000	0.000	0.229	0.000	0.000	0.000	0.000	0.034	0.035
0.499	0.000	0.000	0.012	0.908	0.000	0.000	0.011	0.711	0.159	0.001	0.028	0.048	0.001	2.029	0.000	0.000	0.042	0.000	0.001	0.205	0.000	0.105	0.000	0.641	0.003	0.038	0.000	0.177	0.001	0.000	0.002	0.001	0.000	0.000	1.020
0.118	0.000	0.000	0.197	0.137	0.000	0.000	0.000	0.010	0.000	0.000	0.000	0.000	0.000	0.039	0.000	0.000	0.000	0.000	0.000	0.008	0.000	0.000	0.000	0.017	0.000	0.004	0.000	0.012	0.000	0.000	0.091	0.000	0.000	0.000	0.033
1.095	0.001	0.001	0.068	0.842	0.000	0.000	0.003	0.353	0.006	0.114	0.007	0.006	0.011	0.962	0.000	0.000	0.053	0.002	0.001	0.878	0.000	0.003	0.000	0.244	0.008	0.215	0.002	0.286	0.018	0.000	0.360	0.000	0.001	0.000	2.354
16.582	0.385	1.704	2.010	19.512	0.086	0.239	4.278	13.513	3.767	3.177	0.455	8.423	2.018	14.853	0.145	0.001	0.763	1.173	2.161	4.970	0.008	5.802	0.019	12.087	4.769	4.013	3.990	6.888	6.679	0.442	0.008	0.942	0.101	1.605	13.731